# inputs = base vaccination (10% VE)

## vax_base = 51%, 51%, 33%, 63%
vc_04 <- 0.51
vc_519 <- 0.51
vc_2064 <- 0.33
vc_65 <- 0.63

## total = 1089539.4 (31.98%)
intv_04 <- 62948.88 * 0.67 #28.15%
intv_519 <- 368519.4 * 0.67 #57.61%
intv_2064 <- 600589.08 * 0.67 #26.87%
intv_65 <- 57482.04 * 0.67 #18.63%