# inputs = base case

## base vaccine compliance = 0%
vax_comp_b <- 0

## total = 1248308.16 (36.64%)
base_04 <- 74205.56 #33.19%
base_519 <- 419788.08 #65.63%
base_2064 <- 685774.72 #30.68%
base_65 <- 68539.8 #22.21%