# inputs = vaccination 60,60,60,70 (60% VE)

## vax_6667 = 60%, 60%, 60%, 70%
vc_04 <- 0.6
vc_519 <- 0.6
vc_2064 <- 0.6
vc_65 <- 0.7

## total = 122811.52 (3.60% attack rate)
intv_04 <- 110.08	#0.00044237
intv_519 <- 864.28	#0.00126551
intv_2064 <- 1073.48	#0.0004259
intv_65 <- 101.36	#0.00028367
