# inputs = base vaccination (60% VE)

## vax_base = 51%, 51%, 33%, 63%
vc_04 <- 0.51
vc_519 <- 0.51
vc_2064 <- 0.33
vc_65 <- 0.63

## total = 194548.76 (5.71%)
intv_04 <- 8896.48 #3.98%
intv_519 <- 62917.84 #9.84%
intv_2064 <- 114503.48 #5.12%
intv_65 <- 8230.96 #2.67%