# inputs = vaccination 70% (50% VE)

## vax_70 = 70%
vc_04 <- 0.7
vc_519 <- 0.7
vc_2064 <- 0.7
vc_65 <- 0.7

## total = 13457.4 (0.40%)
intv_04 <- 739.4 #0.33%
intv_519 <- 5103.48 #0.80%
intv_2064 <- 6911 #0.31%
intv_65 <- 703.52 #0.23%