# inputs = base case

## base vaccine compliance = 0%
vax_comp_b <- 0

## total = 696621.04	(20.4% attack rate)
base_04 <- 38487.4
base_519 <- 264629
base_2064 <- 359370.36
base_65 <- 34134.28