# inputs = vaccination 60,60,60,70 (50% VE)

## vax_6667 = 60%, 60%, 60%, 70%
vc_04 <- 0.6
vc_519 <- 0.6
vc_2064 <- 0.6
vc_65 <- 0.7

## total = 76222.48 (0.02237313%% attack rate)
intv_04 <- 4104.28 #0.0183548
intv_519 <- 29910.76 #0.04676033
intv_2064 <- 38600 #0.01727031
intv_65 <- 3607.44 #0.01169129