# inputs = vaccination 60,60,60,70

## vax_6667 = 60%, 60%, 60%, 70%
vc_04 <- 0.6
vc_519 <- 0.6
vc_2064 <- 0.6
vc_65 <- 0.7

## total = 377693.28 (0.11086206% attack rate)
intv_04 <- 20635.16	#0.09228274
intv_519 <- 147011.76	#0.22982761
intv_2064 <- 192004.76	#0.08590629
intv_65 <- 18041.6	#0.05847069
