# inputs = vaccination 70% (40% VE)

## vax_70 = 70%
vc_04 <- 0.7
vc_519 <- 0.7
vc_2064 <- 0.7
vc_65 <- 0.7

## total = 98744.72 (2.90%)
intv_04 <- 5157.64 * 0.67 #2.31%
intv_519 <- 40078 * 0.67 #6.27%
intv_2064 <- 48930.32 * 0.67 #2.19%
intv_65 <- 4578.76 * 0.67 #1.48%