# inputs = base vaccination

## vax_base = 51%, 51%, 33%, 63%
vc_04 <- 0.51
vc_519 <- 0.51
vc_2064 <- 0.33
vc_65 <- 0.63

## total = 591551.7 (0.17363464% attack rate)
intv_04 <- 32557.16 #0.14559926
intv_519 <- 226782.2 #0.35453492
intv_2064 <- 303520.4 #0.13580032
intv_65 <- 28692 #0.09298738