# inputs = vaccination 70% (10% VE)

## vax_70 = 70%
vc_04 <- 0.7
vc_519 <- 0.7
vc_2064 <- 0.7
vc_65 <- 0.7

## total = 982089.96 (28.83%)
intv_04 <- 57073.88 * 0.67 #25.52%
intv_519 <- 343884.24 * 0.67 #53.76%
intv_2064 <- 529174.48 * 0.67 #23.68%
intv_65 <- 51957.36 * 0.67 #16.84%