# inputs = base vaccination (30% VE)

## vax_base = 51%, 51%, 33%, 63%
vc_04 <- 0.51
vc_519 <- 0.51
vc_2064 <- 0.33
vc_65 <- 0.63

## total = 756528.28 (22.21%)
intv_04 <- 40767.68 #18.23%
intv_519 <- 257038.68 #40.18%
intv_2064 <- 422146.32 #18.89%
intv_65 <- 36575.6 #11.85%