# inputs = vaccination 70,70,70,70 (30% VE)

## vax_7777 = 70%, 70%, 70%, 70%
vc_04 <- 0.7
vc_519 <- 0.7
vc_2064 <- 0.7
vc_65 <- 0.7

## total = 192674.6	(5.66%)
intv_04 <- 10444.8	#4.67%
intv_519 <- 74419.36	#11.63%
intv_2064 <- 98541.4	#4.41%
intv_65 <- 9269.04	#3.00%

