# inputs = base vaccination (60% VE)

## vax_base = 51%, 51%, 33%, 63%
vc_04 <- 0.51
vc_519 <- 0.51
vc_2064 <- 0.33
vc_65 <- 0.63

## total = 112637.4 (0.03306177%% attack rate)
intv_04 <- 6113.12	#0.02733856
intv_519 <- 43733.32	#0.06836953
intv_2064 <- 57408.68	#0.02568565
intv_65 <- 5382.24	#0.0174432