# inputs = vaccination 70,70,70,80 (50% VE)

## vax_7778 = 70%, 70%, 70%, 80%
vc_04 <- 0.7
vc_519 <- 0.7
vc_2064 <- 0.7
vc_65 <- 0.8

## total = 189.72	(0.006%)
intv_04 <- 11	#0.005%
intv_519 <- 53.28	#0.008%
intv_2064 <- 112.08	#0.005%
intv_65 <- 13.36	#0.004%

