# inputs = vaccination 70,70,70,70 (50% VE)

## vax_7777 = 70%, 70%, 70%, 70%
vc_04 <- 0.7
vc_519 <- 0.7
vc_2064 <- 0.7
vc_65 <- 0.7

## total = 195.12	#0.006%
intv_04 <- 11.2	#0.005%
intv_519 <- 56.48	#0.009%
intv_2064 <- 113.2	#0.005%
intv_65 <- 14.24	#0.005%
