# inputs = prevalent vaccination (40% VE)

## vax_base = 51%, 51%, 33%, 63%
vc_04 <- 0.51
vc_519 <- 0.51
vc_2064 <- 0.33
vc_65 <- 0.63

## total = 582374.12 (17.09%)
intv_04 <- 30029.88 * 0.67 #13.43%
intv_519 <- 196685.68 * 0.67 #30.75%
intv_2064 <- 328732.08 * 0.67 #14.71%
intv_65 <- 26926.48 * 0.67 #8.73%