# inputs = base vaccination (20% VE)

## vax_base = 51%, 51%, 33%, 63%
vc_04 <- 0.51
vc_519 <- 0.51
vc_2064 <- 0.33
vc_65 <- 0.63

## total = 924779.36 (27.14%)
intv_04 <- 51751.64 #23.14%
intv_519 <- 313924.8 #49.08%
intv_2064 <- 512276.44 #22.92%
intv_65 <- 46826.48 #15.18%