# inputs = vaccination 70,70,70,80 (30% VE)

## vax_7778 = 70%, 70%, 70%, 80%
vc_04 <- 0.7
vc_519 <- 0.7
vc_2064 <- 0.7
vc_65 <- 0.8

## total = 182808.88	(5.37%)
intv_04 <- 9921.16	#4.44%
intv_519 <- 70892.2	#11.08%
intv_2064 <- 93227	#4.17%
intv_65 <- 8768.52	#2.84%