# inputs = vaccination 70% (60% VE)

## vax_70 = 70%
vc_04 <- 0.7
vc_519 <- 0.7
vc_2064 <- 0.7
vc_65 <- 0.7

## total = 6204.08 (0.18%)
intv_04 <- 355.92 #0.16%
intv_519 <- 2097.64 #0.33%
intv_2064 <- 3379.04 #0.15%
intv_65 <- 371.48 #0.12%