# inputs = vaccination 70,70,70,70 (60% VE)

## vax_7777 = 70%, 70%, 70%, 70%
vc_04 <- 0.7
vc_519 <- 0.7
vc_2064 <- 0.7
vc_65 <- 0.7

## total = 165.32	0.005%
intv_04 <- 9.24	#0.004%
intv_519 <- 43.08	#0.007%
intv_2064 <- 99.88	#0.004%
intv_65 <- 13.12	#0.004%