# inputs = vaccination 70% (30% VE)

## vax_70 = 70%
vc_04 <- 0.7
vc_519 <- 0.7
vc_2064 <- 0.7
vc_65 <- 0.7

## total = 417137.16 (12.24%)
intv_04 <- 22584.32 * 0.67 #10.10%
intv_519 <- 160492.6 * 0.67 #25.09%
intv_2064 <- 213811.68 * 0.67 #9.57%
intv_65 <- 20248.56 * 0.67 #6.56%


## ALL OUTCOMES AVERTED
## total = 0
#intv_04 <- 0
#intv_519 <- 0
#intv_2064 <- 0
#intv_65 <- 0