# inputs = vaccination 70% (20% VE)

## vax_70 = 70%
vc_04 <- 0.7
vc_519 <- 0.7
vc_2064 <- 0.7
vc_65 <- 0.7

## total = 706476.6 (20.74%)
intv_04 <- 39834.68 #17.81%
intv_519 <- 258907.04 #40.48%
intv_2064 <- 371829.12 #16.64%
intv_65 <- 35905.76 #11.64%