# inputs = base vaccination

## base vaccine compliance = 0%
vax_comp_b <- 0

## total = 696621.04	(20.4% attack rate)
base_04 <- 38487.4
base_519 <- 264629
base_2064 <- 359370.36
base_65 <- 34134.28


## vax_base = 51%, 51%, 33%, 63%
vc_04 <- 0.51
vc_519 <- 0.51
vc_2064 <- 0.33
vc_65 <- 0.63

## total = 355595.84 (10.44%% attack rate)
intv_04 <- 19390.68
intv_519 <- 137339.4
intv_2064 <- 181722.72
intv_65 <- 17143.04


## vax = 51%, 51%, 39%, 39%
# vc_04 <- 0.51
# vc_519 <- 0.51
# vc_2064 <- 0.39
# vc_65 <- 0.39

## total = 403281.04 (11.8% attack rate)
# intv_04 <- 22103.4
# intv_519 <- 155475.12
# intv_2064 <- 206272.6
# intv_65 <- 19429.92
