# inputs = vaccination 60,60,60,70

## base vaccine compliance = 0%
vax_comp_b <- 0

## total = 696621.04	(20.4% attack rate)
base_04 <- 38487.4
base_519 <- 264629
base_2064 <- 359370.36
base_65 <- 34134.28


## vax_6667 = 60%, 60%, 60%, 70%
vc_04 <- 0.6
vc_519 <- 0.6
vc_2064 <- 0.6
vc_65 <- 0.7

## total = 122811.52 (3.60% attack rate)
intv_04 <- 6588.04
intv_519 <- 48265.12
intv_2064 <- 62112.76
intv_65 <- 5845.6
