# inputs = base vaccination (50% VE)

## vax_base = 51%, 51%, 33%, 63%
vc_04 <- 0.51
vc_519 <- 0.51
vc_2064 <- 0.33
vc_65 <- 0.63

## total = 402476.4 (11.81%)
#intv_04 <- 19673.64 * 0.67 #8.80%
#intv_519 <- 133690.12 * 0.67 #20.90%
#intv_2064 <- 231290.4 * 0.67 #10.35%
#intv_65 <- 17822.24 * 0.67 #5.78%