# inputs = base vaccination (40% VE)

## vax_base = 51%, 51%, 33%, 63%
vc_04 <- 0.51
vc_519 <- 0.51
vc_2064 <- 0.33
vc_65 <- 0.63

## total = 355595.84 (10.44%% attack rate)
intv_04 <- 19390.68 #8.67%
intv_519 <- 137339.4 #21.47%
intv_2064 <- 181722.72 #8.13%
intv_65 <- 17143.04 #5.56%
