# inputs = vaccination 70,70,70,80 (60% VE)

## vax_7778 = 70%, 70%, 70%, 80%
vc_04 <- 0.7
vc_519 <- 0.7
vc_2064 <- 0.7
vc_65 <- 0.8

## total = 167	0.005%
intv_04 <- 10.2	#0.005%
intv_519 <- 43.16	#0.007%
intv_2064 <- 101.44	#0.005%
intv_65 <- 12.2	#0.004%
