# inputs = vaccination 70,70,70,70 (40% VE)

## vax_7777 = 70%, 70%, 70%, 70%
vc_04 <- 0.7
vc_519 <- 0.7
vc_2064 <- 0.7
vc_65 <- 0.7

## total = 46863.84 (1.38% attack rate)
intv_04 <- 2560.56
intv_519 <- 18122.88
intv_2064 <- 23924.84
intv_65 <- 2255.56

# 1.15%
# 2.83%
# 1.07%
# 0.73%