# inputs = base vaccination (50% VE)

## vax_base = 51%, 51%, 33%, 63%
vc_04 <- 0.51
vc_519 <- 0.51
vc_2064 <- 0.33
vc_65 <- 0.63

## total = 339171.7 (0.09955504%% attack rate)
intv_04 <- 18213.84 #0.08145433
intv_519 <- 132787.7 #0.20759077
intv_2064 <- 171981.6 #0.07694756
intv_65 <- 16188.56 #0.05246521