# inputs = base case

## base vaccine compliance = 0%
vax_comp_b <- 0

## total = 696621.04	(20.45% attack rate)
base_04 <- 38487.4 #17.21%
base_519 <- 264629 #41.37%
base_2064 <- 359370.36 #16.08%
base_65 <- 34134.28 #11.06%